surgery
1.0    180
2.0    119
dtype: int64

 Age 
1    276
9     24
dtype: int64

Hospital Number
529796     2
529424     2
5279822    2
527916     2
530526     2
528996     2
528729     2
528151     2
529461     2
528931     2
528890     2
528469     2
530693     2
532349     2
528904     2
527544     2
533697     1
533696     1
533736     1
534719     1
530101     1
529399     1
533692     1
528570     1
527957     1
534157     1
521399     1
529045     1
530612     1
528047     1
          ..
533887     1
535031     1
530301     1
5294369    1
530297     1
529272     1
535415     1
530294     1
534899     1
529777     1
535407     1
522979     1
528743     1
534885     1
534857     1
530276     1
535392     1
535338     1
527709     1
527706     1
533847     1
528214     1
535381     1
533750     1
527698     1
530255     1
530254     1
533836     1
530251     1
535043     1
dtype: int64

rectal temperature
38.0    26
38.5    19
38.3    18
37.8    17
38.2    16
38.6    12
38.1    12
37.5    12
38.4    11
37.6     7
37.7     7
37.2     7
38.7     7
37.9     7
38.8     6
37.3     6
39.2     5
39.3     4
38.9     4
39.5     4
39.0     4
37.4     3
39.4     3
37.1     3
40.3     2
36.5     2
37.0     2
39.1     2
36.0     1
40.0     1
36.4     1
39.9     1
35.4     1
36.9     1
39.6     1
36.1     1
36.8     1
40.8     1
39.7     1
36.6     1
dtype: int64

pulse 
48.0     28
60.0     25
40.0     18
88.0     12
52.0     12
100.0    11
44.0     11
72.0     11
120.0    10
42.0     10
80.0      8
64.0      8
96.0      8
84.0      8
54.0      7
56.0      7
50.0      6
66.0      6
68.0      5
104.0     5
70.0      4
76.0      4
92.0      4
78.0      3
90.0      3
108.0     3
86.0      3
36.0      3
112.0     3
130.0     2
140.0     2
124.0     2
114.0     2
45.0      2
150.0     2
30.0      2
146.0     1
136.0     1
184.0     1
164.0     1
129.0     1
65.0      1
132.0     1
49.0      1
98.0      1
38.0      1
160.0     1
128.0     1
110.0     1
46.0      1
75.0      1
82.0      1
dtype: int64

respiratory rate 
20.0    28
24.0    27
16.0    22
12.0    19
30.0    19
40.0    17
36.0    16
28.0    13
32.0    11
18.0     8
48.0     6
14.0     4
60.0     4
35.0     3
68.0     3
10.0     3
80.0     3
44.0     3
42.0     3
90.0     2
84.0     2
70.0     2
21.0     2
96.0     2
22.0     2
51.0     2
9.0      2
50.0     2
72.0     1
23.0     1
15.0     1
34.0     1
25.0     1
8.0      1
52.0     1
58.0     1
13.0     1
66.0     1
26.0     1
88.0     1
dtype: int64

 temperature of extremities
3.0    109
1.0     78
2.0     30
4.0     27
dtype: int64

peripheral pulse
1.0    115
3.0    103
4.0      8
2.0      5
dtype: int64

mucous membranes
1.0    79
3.0    58
4.0    41
2.0    30
5.0    25
6.0    20
dtype: int64

capillary refill time 
1.0    188
2.0     78
3.0      2
dtype: int64

 pain
3.0    67
2.0    59
5.0    42
4.0    39
1.0    38
dtype: int64

peristalsis 
3.0    128
4.0     73
1.0     39
2.0     16
dtype: int64

 abdominal distension
1.0    76
3.0    65
2.0    65
4.0    38
dtype: int64

nasogastric tube 
2.0    102
1.0     71
3.0     23
dtype: int64

nasogastric reflux 
1.0    120
3.0     39
2.0     35
dtype: int64

 nasogastric reflux PH 
2.0    9
7.0    8
6.5    5
5.0    4
5.5    4
3.0    3
4.5    3
4.0    3
1.0    2
7.5    2
6.0    1
5.7    1
5.3    1
3.5    1
4.3    1
7.2    1
6.2    1
4.4    1
5.4    1
1.5    1
dtype: int64

 rectal examination
4.0    79
1.0    57
3.0    49
2.0    13
dtype: int64

 abdomen 
5.0    79
4.0    43
1.0    28
2.0    19
3.0    13
dtype: int64

 packed cell volume 
50.0    16
37.0    16
45.0    14
43.0    14
44.0    13
40.0    12
36.0    11
47.0    10
35.0    10
46.0     9
39.0     9
38.0     9
48.0     9
33.0     8
42.0     8
60.0     8
41.0     8
49.0     7
54.0     6
55.0     6
52.0     6
57.0     6
34.0     5
53.0     4
65.0     4
68.0     4
64.0     4
66.0     3
63.0     2
32.0     2
56.0     2
73.0     2
58.0     2
69.0     2
51.0     2
59.0     2
31.0     2
75.0     2
72.0     1
70.0     1
31.5     1
71.0     1
74.0     1
37.5     1
23.0     1
30.0     1
67.0     1
24.0     1
26.0     1
28.0     1
dtype: int64

 total protein 
6.5     15
7.0     15
7.5     13
6.6     11
7.2      9
6.7      8
5.9      8
65.0     8
6.0      7
6.8      6
6.2      6
6.3      5
8.0      5
6.1      5
7.7      5
64.0     5
70.0     5
8.5      5
7.6      5
67.0     4
8.1      4
8.6      4
5.5      4
7.4      4
58.0     4
6.4      4
66.0     4
7.8      4
61.0     3
62.0     3
        ..
54.0     2
72.0     1
82.0     1
76.0     1
86.0     1
8.8      1
4.0      1
73.0     1
5.0      1
7.9      1
9.1      1
3.3      1
7.1      1
4.6      1
10.2     1
8.2      1
4.7      1
5.8      1
9.0      1
63.0     1
13.0     1
50.0     1
11.0     1
8.9      1
51.0     1
89.0     1
59.0     1
53.0     1
46.0     1
85.0     1
dtype: int64

 abdominocentesis appearance 
2.0    48
3.0    46
1.0    41
dtype: int64

 abdomcentesis total protein
2.0     26
1.0     17
2.6      4
3.9      4
5.0      3
3.6      3
2.8      3
7.0      3
3.4      3
3.0      2
4.1      2
2.3      2
1.6      2
6.0      2
4.3      2
4.5      2
5.3      2
2.5      1
10.0     1
8.0      1
1.5      1
2.9      1
4.4      1
1.3      1
4.8      1
5.2      1
2.1      1
2.2      1
1.4      1
3.3      1
7.4      1
0.1      1
4.7      1
3.7      1
10.1     1
3.2      1
6.6      1
dtype: int64

outcome 
1.0    178
2.0     77
3.0     44
dtype: int64

surgical lesion
1    191
2    109
dtype: int64

 lesion 1
0        56
3111     33
3205     29
2208     20
2205     13
4205     11
2209     11
2124      9
1400      8
31110     7
7111      7
2113      6
2112      5
400       5
3209      4
4300      4
2206      4
5400      4
3112      3
4124      3
2111      3
2207      3
7209      3
5206      2
5124      2
3124      2
5111      2
9400      2
6111      2
2322      2
         ..
3025      2
8400      2
6112      2
11300     1
4122      1
7113      1
6209      1
3115      1
5000      1
3133      1
4111      1
3400      1
300       1
12208     1
9000      1
5205      1
1111      1
1124      1
8300      1
2305      1
4206      1
4207      1
21110     1
2300      1
3207      1
11400     1
7400      1
3113      1
3300      1
41110     1
dtype: int64

 lesion 2
0       293
3111      3
6112      1
7111      1
1400      1
3112      1
dtype: int64

 lesion 3
0       299
2209      1
dtype: int64

cp_data 
2    201
1     99
dtype: int64

